# logA n_s H0 omega_b omega_cdm tau_reio A_planck calib_100T calib_217T A_cib_217 xi_sz_cib A_sz ksz_norm gal545_A_100 gal545_A_143 gal545_A_143_217 gal545_A_217 ps_A_100_100 ps_A_143_143 ps_A_143_217 ps_A_217_217 galf_TE_A_100 galf_TE_A_100_143 galf_TE_A_100_217 galf_TE_A_143 galf_TE_A_143_217 galf_TE_A_217
1.904538903455433186e-04 1.355034629263569938e-05 2.380533881475910708e-03 6.361604899460898246e-07 -4.375351415355645535e-06 9.089636195387506689e-05 7.785256202013540635e-06 -3.081103500187916078e-07 -4.121960912109091457e-07 -5.734984296805293279e-03 -1.786473760331364449e-04 3.275764993930486112e-03 -4.354716313619481742e-03 -1.116759282434530345e-03 -6.026037136839617041e-04 6.923940013144449027e-04 3.718799411477857492e-03 -3.723206483284521168e-02 -1.243293484571214580e-02 -4.880997736781926143e-04 1.167838791479141117e-02 -1.582691936027313251e-05 -5.772444842265110116e-06 6.409082504019678513e-06 2.481033239039683519e-06 -4.526465938235618318e-05 -6.941877846318301299e-05
1.355034629263569938e-05 1.612613562501000305e-05 1.510854622437879944e-03 2.599990034003132057e-07 -3.243377632582899602e-06 1.040139316326158488e-05 7.292208730258487503e-07 -2.573810873852043770e-11 -4.003179185816246415e-08 -2.522014254980161057e-03 1.933946827648523107e-05 9.840861609233966887e-04 -2.556562130720097577e-03 1.764256274419573236e-04 -2.342117844404801132e-04 -6.684991032601133752e-04 -2.144959792266038141e-04 -1.737034514049111758e-02 -7.062935009145431160e-03 7.335402441812186210e-04 3.559306301643109724e-03 -4.915260647971880998e-07 -3.043113084349189101e-08 5.536163341474843639e-06 1.402335380514523300e-06 1.146141684017480490e-05 -1.017111370753012634e-05
2.380533881475910708e-03 1.510854622437879944e-03 3.012996292631920925e-01 5.959343613057709770e-05 -6.240674940313567986e-04 1.712981356856755222e-03 1.183854930080384182e-04 1.459459275678225480e-05 -5.094148444124900128e-06 1.299315149895440566e-03 -4.677538395771867717e-03 6.679300164167444043e-02 -1.609823377244141429e-01 1.339908489607197044e-02 -3.063021243778462493e-02 -6.010239159022923161e-02 -1.606270366428748375e-01 -4.650912075238458065e-01 -5.180104329531481921e-01 -1.732985828204889611e-01 1.140741668668496245e-02 -6.532814139601307362e-04 -8.493914726403249216e-05 1.604662821894406089e-05 -2.763812269618230559e-04 -1.869683903248300829e-03 -8.729541190657537017e-03
6.361604899460898246e-07 2.599990034003132057e-07 5.959343613057709770e-05 2.276036447305602294e-08 -9.853040306041998734e-08 3.473386700712438137e-07 3.496077205332155581e-08 2.478253603036820850e-09 -6.796933863706368694e-10 -5.006458696793329721e-05 -5.371519043141566194e-07 3.163691475369888171e-05 -6.007282940302662927e-05 1.351881686949546149e-06 -1.137290316018180336e-05 -1.535829775674088521e-05 -2.118163028450032451e-05 -3.611618631181765199e-04 -2.466898081276804110e-04 -6.945944197403573913e-05 3.291331929359324836e-05 -2.958095498410244182e-07 -3.823838424910741810e-08 -1.019090446546743725e-08 4.089233944496758565e-10 -5.910258351322937861e-07 -3.096369714569434151e-06
-4.375351415355645535e-06 -3.243377632582899602e-06 -6.240674940313567986e-04 -9.853040306041998734e-08 1.409355949094073793e-06 -3.532887918199487367e-06 -2.238758724613138346e-07 -3.214659487206568869e-08 9.770779980078118891e-09 -1.480898154398150484e-04 1.152055126762059373e-05 -1.024841044709537690e-04 2.918289558697689692e-04 -2.528793840445043236e-05 5.497095800424307041e-05 1.201135023135811719e-04 3.965375742183414702e-04 2.360326704184722354e-04 7.613256888340797076e-04 2.620886663796777858e-04 2.497534915908452595e-05 1.046604235858210895e-06 3.990855865914519634e-07 3.481772275960312880e-07 7.985224277255884294e-07 3.836263118331167280e-06 1.590278681263218943e-05
9.089636195387506689e-05 1.040139316326158488e-05 1.712981356856755222e-03 3.473386700712438137e-07 -3.532887918199487367e-06 5.172764040374570681e-05 -2.172755422538088319e-06 -1.577375574347860754e-07 -1.552546537252812601e-07 -2.810500842964631756e-03 -1.252909994511825290e-04 1.490533890275093495e-03 -2.112888667790613437e-03 -4.861842264760244769e-04 -2.320188185259084704e-04 5.400148479191927689e-04 1.287453334136526425e-03 -1.593541045459694050e-02 -6.314245513242445519e-03 -1.638681523193229747e-03 3.228766419510688008e-03 -8.258976184617071168e-06 -2.017642776519781045e-06 4.372020352666858825e-06 2.713990269369306724e-06 -2.784582123273542556e-05 -7.789365632787454352e-05
7.785256202013540635e-06 7.292208730258487503e-07 1.183854930080384182e-04 3.496077205332155581e-08 -2.238758724613138346e-07 -2.172755422538087896e-06 6.246189553165522225e-06 -2.663923171157300182e-08 -5.991937478272759772e-08 9.502241519511751139e-04 5.147402251519896814e-06 2.220585367304977954e-04 -3.631279112344638292e-05 1.059168339670844437e-04 1.350166303568120865e-04 -1.861724336715264163e-04 -2.857318261644070946e-05 -3.293988983892855507e-04 -5.524838153399219774e-04 4.860306889977284253e-04 1.152475054296413313e-03 -7.475060882180292436e-07 -1.313323386955759484e-06 -6.830814324711391600e-08 -2.138624674808191917e-06 3.162720905571470830e-06 3.301405394221298685e-05
-3.081103500187916078e-07 -2.573810873852043770e-11 1.459459275678225480e-05 2.478253603036820850e-09 -3.214659487206568869e-08 -1.577375574347860489e-07 -2.663923171157300182e-08 4.038715616721875864e-07 5.222261677261164206e-09 -1.392031557527614795e-04 1.925181866064922829e-06 8.268764898818558272e-05 -8.387890651221431874e-05 2.037051901765683023e-04 -2.330603215854964538e-04 -1.442154135892498442e-04 -1.219166631870982447e-04 4.257815868010970256e-03 1.636239049532155015e-04 4.799055239596561871e-04 5.236719292471167216e-04 -2.835935379611183123e-07 2.671196169085086488e-07 -5.996795670086628687e-07 1.408406880480034649e-06 1.205107729729650582e-06 -3.978461017405483613e-06
-4.121960912109091457e-07 -4.003179185816246415e-08 -5.094148444124900128e-06 -6.796933863706368694e-10 9.770779980078118891e-09 -1.552546537252812601e-07 -5.991937478272759772e-08 5.222261677261164206e-09 3.542439520093194967e-07 5.230425378332827224e-04 1.102058984068982023e-06 -4.590723996769403728e-05 3.349248035291815134e-05 -4.446284398073245103e-05 -9.637456129963517136e-05 3.494593559346483350e-04 8.549198295056193494e-04 6.453163592749263777e-04 1.943232946769716965e-04 -3.412063251001422673e-04 -1.131159758396122449e-03 2.787108730188827294e-08 -4.018917159390969929e-07 -5.143799143077298060e-07 -1.324628050400378807e-06 -1.128948185077513138e-06 -4.086855056589994250e-06
-5.734984296805293279e-03 -2.522014254980161057e-03 1.299315149895440566e-03 -5.006458696793329721e-05 -1.480898154398150484e-04 -2.810500842964631756e-03 9.502241519511751139e-04 -1.392031557527614795e-04 5.230425378332827224e-04 3.904168117427116869e+01 -2.427276977910866329e-01 -1.323541634831263858e+00 -8.944258257928069944e-02 1.140891547409270457e+00 -4.730491410648281908e-02 -6.360761305661082332e+00 -3.124862384585189901e+01 3.039436810223293151e+01 3.970802786656757011e+00 -9.483073902644933995e+00 -4.755086968731564667e+01 1.382382519111598901e-03 -2.208563611010285095e-03 -6.863934165848923491e-03 -1.328391609374064350e-02 -2.161037934393887638e-02 -8.059097241226205466e-02
-1.786473760331364449e-04 1.933946827648523107e-05 -4.677538395771865115e-03 -5.371519043141565135e-07 1.152055126762059373e-05 -1.252909994511825561e-04 5.147402251519896814e-06 1.925181866064924523e-06 1.102058984068982658e-06 -2.427276977910866329e-01 7.688481773323277424e-02 -7.750089694398681894e-02 1.102656935827707324e-01 -7.490068102525229525e-03 2.177304747956364597e-02 9.311945024058991549e-02 5.078814036322057412e-02 -1.973541687442964265e-01 8.259949870693803486e-01 1.390609898892404495e+00 3.170271890745631760e-01 2.502421473207737650e-04 1.204600437545058460e-04 -4.501941484138348849e-04 -3.719786664155371695e-05 1.940464712176737593e-04 -2.060072887989634980e-03
3.275764993930486112e-03 9.840861609233966887e-04 6.679300164167444043e-02 3.163691475369888171e-05 -1.024841044709537554e-04 1.490533890275093495e-03 2.220585367304977954e-04 8.268764898818559627e-05 -4.590723996769403728e-05 -1.323541634831263858e+00 -7.750089694398681894e-02 3.630877062139719946e+00 -2.586219845022780017e+00 -4.013036625201762408e-01 1.409908032777928422e-01 2.301739709800461053e+00 3.333448262282417751e+00 -2.697738524902219837e+01 -4.169583080671495523e+00 6.380174985613472849e+00 5.812254406482834312e+00 6.031087147836433930e-04 -5.223756346427090979e-04 -4.041216912507715475e-03 -2.911174240574554515e-03 -9.471533579257290433e-03 -1.164819191744748475e-02
-4.354716313619481742e-03 -2.556562130720097577e-03 -1.609823377244141152e-01 -6.007282940302662927e-05 2.918289558697689692e-04 -2.112888667790613437e-03 -3.631279112344634903e-05 -8.387890651221431874e-05 3.349248035291815811e-05 -8.944258257928065781e-02 1.102656935827707047e-01 -2.586219845022780017e+00 5.556392812980773144e+00 2.891491354778629175e-01 -5.701311563785883135e-02 -1.649295684351898217e+00 -2.037176348783594992e+00 1.108495467687829361e+01 -3.391310460752771316e+00 -9.667529300915116863e+00 -8.723187916647649587e+00 -3.334628938085296580e-03 -1.500909670232672671e-03 -9.200881659318223228e-04 1.750482271670211374e-04 2.965539600421326916e-03 8.532883937518784614e-03
-1.116759282434530128e-03 1.764256274419573236e-04 1.339908489607197738e-02 1.351881686949546149e-06 -2.528793840445042897e-05 -4.861842264760244769e-04 1.059168339670844437e-04 2.037051901765683023e-04 -4.446284398073245103e-05 1.140891547409270457e+00 -7.490068102525229525e-03 -4.013036625201762964e-01 2.891491354778629175e-01 3.207666798912862660e+00 4.397774261330912871e-01 -4.058231349478916838e-01 -1.338769742389006590e+00 -3.835185150362740991e+00 -2.175808072703252216e-01 -9.453008071137189994e-01 -1.715405865837436705e+00 -4.290387251038703604e-04 1.915515736327397939e-03 1.231395541681719590e-03 3.565379566210036787e-03 3.662894625167024357e-03 -1.814687808495320590e-02
-6.026037136839617041e-04 -2.342117844404801403e-04 -3.063021243778462493e-02 -1.137290316018180166e-05 5.497095800424309074e-05 -2.320188185259084161e-04 1.350166303568120865e-04 -2.330603215854964538e-04 -9.637456129963514425e-05 -4.730491410648278439e-02 2.177304747956364597e-02 1.409908032777928422e-01 -5.701311563785882441e-02 4.397774261330912871e-01 3.074438797210450769e+00 2.454547887828272046e+00 2.566131635491443852e+00 4.039926231749128682e+00 -2.053753319901163721e+00 -6.037834895583868988e-01 -6.131050896585111820e-01 2.054007686243838719e-03 6.007949284969940065e-04 8.713672625275944300e-03 1.469002401812689309e-03 -6.124011649983921238e-03 1.206680041456256302e-03
6.923940013144449027e-04 -6.684991032601133752e-04 -6.010239159022923161e-02 -1.535829775674088521e-05 1.201135023135811719e-04 5.400148479191926604e-04 -1.861724336715264163e-04 -1.442154135892498442e-04 3.494593559346483350e-04 -6.360761305661082332e+00 9.311945024058991549e-02 2.301739709800460165e+00 -1.649295684351898217e+00 -4.058231349478916838e-01 2.454547887828272046e+00 1.002194223771125081e+01 1.853005031696883265e+01 -1.224825194351971369e+01 2.465228533971684843e+00 3.654997033369514980e+00 5.461794443534872201e+00 2.359340562392584894e-03 1.580098514085788745e-03 1.198928645333718554e-02 3.472731174672800914e-04 -7.051944601294256668e-03 1.621554555310053547e-02
3.718799411477855758e-03 -2.144959792266038683e-04 -1.606270366428748375e-01 -2.118163028450032451e-05 3.965375742183414702e-04 1.287453334136526425e-03 -2.857318261644072640e-05 -1.219166631870982447e-04 8.549198295056193494e-04 -3.124862384585189901e+01 5.078814036322054637e-02 3.333448262282417307e+00 -2.037176348783594992e+00 -1.338769742389006590e+00 2.566131635491443852e+00 1.853005031696883265e+01 5.112152549286530245e+01 -2.392318781927528448e+01 2.060297152300024859e+00 5.402858813297529039e+00 2.993524395030510021e+01 1.383942334673547974e-03 1.803278804032248722e-03 2.479175599529390844e-02 6.594064559219374975e-03 5.922534314246329611e-03 9.145264780626752299e-02
-3.723206483284521168e-02 -1.737034514049111758e-02 -4.650912075238458065e-01 -3.611618631181765199e-04 2.360326704184721811e-04 -1.593541045459694050e-02 -3.293988983892855507e-04 4.257815868010970256e-03 6.453163592749263777e-04 3.039436810223293506e+01 -1.973541687442964265e-01 -2.697738524902219837e+01 1.108495467687829361e+01 -3.835185150362740547e+00 4.039926231749129570e+00 -1.224825194351971547e+01 -2.392318781927528448e+01 7.380861235060948502e+02 7.202094022984722699e+01 -3.732805192085454848e+01 -4.826416237599470804e+01 7.695931036475259050e-03 -1.060769194755140435e-03 1.157360877775877317e-01 2.094881190605785842e-02 5.068165794890161502e-02 -1.149163903258193370e-01
-1.243293484571214580e-02 -7.062935009145430293e-03 -5.180104329531481921e-01 -2.466898081276804110e-04 7.613256888340799245e-04 -6.314245513242445519e-03 -5.524838153399220858e-04 1.636239049532155286e-04 1.943232946769716694e-04 3.970802786656757455e+00 8.259949870693803486e-01 -4.169583080671495523e+00 -3.391310460752771316e+00 -2.175808072703252216e-01 -2.053753319901163721e+00 2.465228533971685732e+00 2.060297152300024859e+00 7.202094022984722699e+01 6.096004439974595357e+01 3.353042685707792003e+01 8.308374291597512951e+00 6.810169635542058682e-03 1.067662843298278902e-02 -6.521707720025417395e-04 8.533775090121480111e-03 2.349457165101809589e-02 3.061243835924631201e-02
-4.880997736781929395e-04 7.335402441812186210e-04 -1.732985828204889334e-01 -6.945944197403573913e-05 2.620886663796777316e-04 -1.638681523193229747e-03 4.860306889977286421e-04 4.799055239596561871e-04 -3.412063251001422673e-04 -9.483073902644933995e+00 1.390609898892404495e+00 6.380174985613472849e+00 -9.667529300915118640e+00 -9.453008071137189994e-01 -6.037834895583868988e-01 3.654997033369514980e+00 5.402858813297529927e+00 -3.732805192085454138e+01 3.353042685707792003e+01 7.147467683077982770e+01 4.390371171356466817e+01 1.193525089548061816e-02 6.930841810957772374e-03 -2.531710845887215691e-02 3.080362389386779882e-03 -3.902964496471666815e-03 -5.173666258962730108e-02
1.167838791479141117e-02 3.559306301643109724e-03 1.140741668668496245e-02 3.291331929359324836e-05 2.497534915908449546e-05 3.228766419510688875e-03 1.152475054296413313e-03 5.236719292471167216e-04 -1.131159758396122449e-03 -4.755086968731564667e+01 3.170271890745631205e-01 5.812254406482834312e+00 -8.723187916647649587e+00 -1.715405865837436705e+00 -6.131050896585111820e-01 5.461794443534872201e+00 2.993524395030510021e+01 -4.826416237599470804e+01 8.308374291597511174e+00 4.390371171356466817e+01 9.262900460817927240e+01 3.903728704492435714e-03 6.558129319750366157e-03 -3.088837124271871532e-03 2.021326229409833170e-02 2.427033849593271397e-02 9.430574314521396329e-02
-1.582691936027313251e-05 -4.915260647971875704e-07 -6.532814139601307362e-04 -2.958095498410244711e-07 1.046604235858211107e-06 -8.258976184617069474e-06 -7.475060882180297730e-07 -2.835935379611181534e-07 2.787108730188830272e-08 1.382382519111598901e-03 2.502421473207737108e-04 6.031087147836435014e-04 -3.334628938085296580e-03 -4.290387251038703061e-04 2.054007686243838719e-03 2.359340562392585328e-03 1.383942334673547974e-03 7.695931036475258183e-03 6.810169635542058682e-03 1.193525089548061816e-02 3.903728704492435714e-03 1.391949377103937667e-03 2.622544287741671726e-04 2.411677679952695558e-05 -3.991410373872737163e-04 -1.512801783077519745e-04 -3.880361990626683363e-04
-5.772444842265109269e-06 -3.043113084349189101e-08 -8.493914726403246505e-05 -3.823838424910739163e-08 3.990855865914519634e-07 -2.017642776519781045e-06 -1.313323386955759484e-06 2.671196169085086488e-07 -4.018917159390969400e-07 -2.208563611010285529e-03 1.204600437545058866e-04 -5.223756346427090979e-04 -1.500909670232673321e-03 1.915515736327397722e-03 6.007949284969940065e-04 1.580098514085788311e-03 1.803278804032248722e-03 -1.060769194755138917e-03 1.067662843298278902e-02 6.930841810957772374e-03 6.558129319750364422e-03 2.622544287741671726e-04 8.753759775158866628e-04 5.385855782220184642e-05 7.032835054316309781e-04 -1.484471665269949017e-05 -5.694736387670178233e-04
6.409082504019674277e-06 5.536163341474843639e-06 1.604662821894410832e-05 -1.019090446546744883e-08 3.481772275960306527e-07 4.372020352666859672e-06 -6.830814324711501450e-08 -5.996795670086629746e-07 -5.143799143077297001e-07 -6.863934165848921756e-03 -4.501941484138349933e-04 -4.041216912507715475e-03 -9.200881659318231902e-04 1.231395541681719157e-03 8.713672625275946035e-03 1.198928645333718727e-02 2.479175599529390844e-02 1.157360877775877456e-01 -6.521707720025421732e-04 -2.531710845887215691e-02 -3.088837124271869364e-03 2.411677679952695558e-05 5.385855782220183964e-05 7.550753425877921796e-03 -3.259133131405546053e-04 6.879202222693493697e-04 4.119871438408054427e-03
2.481033239039681402e-06 1.402335380514522453e-06 -2.763812269618230559e-04 4.089233944496873336e-10 7.985224277255884294e-07 2.713990269369307571e-06 -2.138624674808191493e-06 1.408406880480034649e-06 -1.324628050400378807e-06 -1.328391609374064350e-02 -3.719786664155375083e-05 -2.911174240574554949e-03 1.750482271670216524e-04 3.565379566210036787e-03 1.469002401812690177e-03 3.472731174672803083e-04 6.594064559219372373e-03 2.094881190605784801e-02 8.533775090121478377e-03 3.080362389386781183e-03 2.021326229409833170e-02 -3.991410373872737163e-04 7.032835054316309781e-04 -3.259133131405546053e-04 2.931879336228474398e-03 6.859087420303023762e-04 -3.041650653729334247e-04
-4.526465938235618318e-05 1.146141684017480490e-05 -1.869683903248300829e-03 -5.910258351322936802e-07 3.836263118331167280e-06 -2.784582123273542895e-05 3.162720905571470830e-06 1.205107729729650582e-06 -1.128948185077513138e-06 -2.161037934393887638e-02 1.940464712176737864e-04 -9.471533579257290433e-03 2.965539600421326482e-03 3.662894625167024357e-03 -6.124011649983922105e-03 -7.051944601294256668e-03 5.922534314246329611e-03 5.068165794890160808e-02 2.349457165101809589e-02 -3.902964496471663779e-03 2.427033849593271397e-02 -1.512801783077519745e-04 -1.484471665269947832e-05 6.879202222693492613e-04 6.859087420303023762e-04 6.754218962009241566e-03 9.386720062240732840e-03
-6.941877846318309430e-05 -1.017111370753012126e-05 -8.729541190657540486e-03 -3.096369714569435422e-06 1.590278681263219282e-05 -7.789365632787450286e-05 3.301405394221298685e-05 -3.978461017405485307e-06 -4.086855056589991709e-06 -8.059097241226204078e-02 -2.060072887989634546e-03 -1.164819191744747608e-02 8.532883937518779410e-03 -1.814687808495320936e-02 1.206680041456260639e-03 1.621554555310051812e-02 9.145264780626753687e-02 -1.149163903258193370e-01 3.061243835924636059e-02 -5.173666258962729414e-02 9.430574314521396329e-02 -3.880361990626684989e-04 -5.694736387670179317e-04 4.119871438408053560e-03 -3.041650653729334247e-04 9.386720062240734574e-03 7.512410110307381206e-02
